{
    "fs_camera_1": {
        "affine_intrinsics_matrix": [
            [
                1673.4740901110035,
                0.0,
                907.7626843174098
            ],
            [
                0.0,
                1672.7806808087491,
                601.1517707035085
            ],
            [
                0.0,
                0.0,
                1.0
            ]
        ],
        "distortion": [
            -0.044943,
            0.135546,
            0.0,
            0.000297,
            -0.000415
        ],
        "extrinsic_matrix": [
            [
                0.785144,
                -0.618962,
                0.020859
            ],
            [
                -0.019147,
                0.009404,
                0.999772
            ],
            [
                -0.619017,
                -0.785365,
                -0.004468
            ]
        ],
        "xyz": [
            -4897.890625,
            -7161.513184,
            1548.84314
        ]
    },
    "fs_camera_2": {
        "affine_intrinsics_matrix": [
            [
                1678.1208764058547,
                0.0,
                919.1087318925773
            ],
            [
                0.0,
                1677.5379693491407,
                541.6897496861169
            ],
            [
                0.0,
                0.0,
                1.0
            ]
        ],
        "distortion": [
            -0.043816,
            0.130488,
            0.0,
            -0.00029,
            -0.000221
        ],
        "extrinsic_matrix": [
            [
                0.286919,
                -0.957716,
                0.021405
            ],
            [
                0.056684,
                0.039278,
                0.997619
            ],
            [
                -0.956276,
                -0.285023,
                0.065557
            ]
        ],
        "xyz": [
            -9218.864258,
            -3783.529297,
            1536.206665
        ]
    },
    "fs_camera_3": {
        "affine_intrinsics_matrix": [
            [
                1675.4751388355862,
                0.0,
                951.0269903829052
            ],
            [
                0.0,
                1674.8155811976708,
                500.1432672767877
            ],
            [
                0.0,
                0.0,
                1.0
            ]
        ],
        "distortion": [
            -0.047594,
            0.13465,
            0.0,
            0.000639,
            -0.001008
        ],
        "extrinsic_matrix": [
            [
                -0.542315,
                -0.838346,
                0.055413
            ],
            [
                0.038286,
                0.041226,
                0.998416
            ],
            [
                -0.839303,
                0.543577,
                0.00974
            ]
        ],
        "xyz": [
            -7981.368164,
            3933.534912,
            1412.778442
        ]
    },
    "fs_camera_4": {
        "affine_intrinsics_matrix": [
            [
                1674.3413210353276,
                0.0,
                965.3028095014446
            ],
            [
                0.0,
                1673.7531888039236,
                524.2216208775114
            ],
            [
                0.0,
                0.0,
                1.0
            ]
        ],
        "distortion": [
            -0.047803,
            0.137115,
            0.0,
            0.000814,
            -0.000519
        ],
        "extrinsic_matrix": [
            [
                -0.135001,
                -0.990818,
                0.007367
            ],
            [
                0.005601,
                0.006672,
                0.999962
            ],
            [
                -0.99083,
                0.135037,
                0.004649
            ]
        ],
        "xyz": [
            -7876.623047,
            4096.902832,
            1407.950562
        ]
    },
    "fs_camera_5": {
        "affine_intrinsics_matrix": [
            [
                1681.1065274882446,
                0.0,
                964.1728349484941
            ],
            [
                0.0,
                1680.6568490204652,
                522.7243195979952
            ],
            [
                0.0,
                0.0,
                1.0
            ]
        ],
        "distortion": [
            -0.046542,
            0.129375,
            0.0,
            0.000312,
            0.000596
        ],
        "extrinsic_matrix": [
            [
                -0.825621,
                -0.56162,
                0.054153
            ],
            [
                0.038228,
                0.040077,
                0.998465
            ],
            [
                -0.562928,
                0.826424,
                -0.011619
            ]
        ],
        "xyz": [
            -5346.917969,
            7647.055664,
            1457.241577
        ]
    },
    "fs_camera_6": {
        "affine_intrinsics_matrix": [
            [
                1674.7428484730672,
                0.0,
                920.555865551681
            ],
            [
                0.0,
                1673.9772290718215,
                509.0099935283854
            ],
            [
                0.0,
                0.0,
                1.0
            ]
        ],
        "distortion": [
            -0.046697,
            0.133037,
            0.0,
            0.000701,
            -0.000251
        ],
        "extrinsic_matrix": [
            [
                -0.69474,
                -0.718893,
                0.022995
            ],
            [
                0.015026,
                0.017458,
                0.999735
            ],
            [
                -0.719104,
                0.694902,
                -0.001327
            ]
        ],
        "xyz": [
            -4878.602539,
            8643.151367,
            1541.955811
        ]
    },
    "fs_camera_7": {
        "affine_intrinsics_matrix": [
            [
                1673.2422754294876,
                0.0,
                964.2049839884927
            ],
            [
                0.0,
                1672.6359144544099,
                507.1582463717023
            ],
            [
                0.0,
                0.0,
                1.0
            ]
        ],
        "distortion": [
            -0.044757,
            0.127975,
            0.0,
            -3.2e-05,
            -0.000395
        ],
        "extrinsic_matrix": [
            [
                -0.852712,
                0.517127,
                0.073901
            ],
            [
                0.070892,
                -0.025603,
                0.997155
            ],
            [
                0.517548,
                0.855526,
                -0.014828
            ]
        ],
        "xyz": [
            3947.765137,
            9723.418945,
            1342.460938
        ]
    },
    "fs_camera_8": {
        "affine_intrinsics_matrix": [
            [
                1685.606416495268,
                0.0,
                945.9276164204218
            ],
            [
                0.0,
                1685.108384166449,
                524.3035169321137
            ],
            [
                0.0,
                0.0,
                1.0
            ]
        ],
        "distortion": [
            -0.047678,
            0.138365,
            0.0,
            0.000656,
            0.000104
        ],
        "extrinsic_matrix": [
            [
                -0.528432,
                0.848786,
                0.01796
            ],
            [
                -0.045773,
                -0.049608,
                0.997719
            ],
            [
                0.847741,
                0.526405,
                0.065066
            ]
        ],
        "xyz": [
            6330.378906,
            6516.788574,
            1362.209351
        ]
    },
    "fs_camera_9": {
        "affine_intrinsics_matrix": [
            [
                1678.230317344884,
                0.0,
                957.4035412171975
            ],
            [
                0.0,
                1677.3464923579297,
                496.3321738883113
            ],
            [
                0.0,
                0.0,
                1.0
            ]
        ],
        "distortion": [
            -0.045633,
            0.131926,
            0.0,
            -1.3e-05,
            3.8e-05
        ],
        "extrinsic_matrix": [
            [
                -0.721468,
                0.691784,
                0.030311
            ],
            [
                -0.028325,
                -0.073221,
                0.996913
            ],
            [
                0.691868,
                0.718382,
                0.072421
            ]
        ],
        "xyz": [
            7051.42627,
            5524.668457,
            1427.932129
        ]
    },
    "fs_camera_10": {
        "affine_intrinsics_matrix": [
            [
                1676.389464758193,
                0.0,
                963.3395221723079
            ],
            [
                0.0,
                1675.8184571763152,
                495.90693031224606
            ],
            [
                0.0,
                0.0,
                1.0
            ]
        ],
        "distortion": [
            -0.045657,
            0.129011,
            0.0,
            -0.000162,
            -0.000183
        ],
        "extrinsic_matrix": [
            [
                0.076853,
                0.996578,
                0.030432
            ],
            [
                -0.00407,
                -0.030209,
                0.999535
            ],
            [
                0.997034,
                -0.076941,
                0.001735
            ]
        ],
        "xyz": [
            10564.422852,
            -777.105774,
            1432.60437
        ]
    },
    "fs_camera_11": {
        "affine_intrinsics_matrix": [
            [
                1677.8912578634267,
                0.0,
                953.3312893171332
            ],
            [
                0.0,
                1677.2809999015383,
                503.57872427486325
            ],
            [
                0.0,
                0.0,
                1.0
            ]
        ],
        "distortion": [
            -0.048416,
            0.134156,
            0.0,
            0.000323,
            0.000239
        ],
        "extrinsic_matrix": [
            [
                0.439537,
                0.898198,
                -0.006896
            ],
            [
                0.007293,
                0.004109,
                0.999965
            ],
            [
                0.898195,
                -0.439572,
                -0.004745
            ]
        ],
        "xyz": [
            8620.392578,
            -4133.473633,
            1491.508789
        ]
    },
    "fs_camera_12": {
        "affine_intrinsics_matrix": [
            [
                1682.1317584269893,
                0.0,
                919.0254006227672
            ],
            [
                0.0,
                1681.70448429372,
                520.9619385280121
            ],
            [
                0.0,
                0.0,
                1.0
            ]
        ],
        "distortion": [
            -0.04673,
            0.13052,
            0.0,
            1.6e-05,
            -0.000328
        ],
        "extrinsic_matrix": [
            [
                0.832122,
                0.553989,
                -0.025872
            ],
            [
                -0.023856,
                0.082362,
                0.996317
            ],
            [
                0.55408,
                -0.82844,
                0.081751
            ]
        ],
        "xyz": [
            5193.651855,
            -8846.013672,
            1598.137207
        ]
    },
    "rm_camera_1": {
        "affine_intrinsics_matrix": [
            [
                1112.9926751416272,
                0.0,
                634.950636871345
            ],
            [
                0.0,
                1112.5285174111532,
                367.9326285616321
            ],
            [
                0.0,
                0.0,
                1.0
            ]
        ],
        "distortion": [
            0.001465,
            -0.000395,
            0.0,
            0.000636,
            0.000118
        ],
        "extrinsic_matrix": [
            [
                0.609299,
                -0.791272,
                0.051404
            ],
            [
                0.070093,
                0.11832,
                0.990498
            ],
            [
                -0.789836,
                -0.599907,
                0.127555
            ]
        ],
        "xyz": [
            -2725.129639,
            -3827.260498,
            1370.516113
        ]
    },
    "rm_camera_2": {
        "affine_intrinsics_matrix": [
            [
                1108.740339836343,
                0.0,
                625.0483677388814
            ],
            [
                0.0,
                1108.3059009277479,
                347.1063957986529
            ],
            [
                0.0,
                0.0,
                1.0
            ]
        ],
        "distortion": [
            0.00105,
            -0.00131,
            0.0,
            0.000478,
            0.000158
        ],
        "extrinsic_matrix": [
            [
                0.057763,
                -0.288535,
                0.955725
            ],
            [
                0.998116,
                0.036511,
                -0.049302
            ],
            [
                -0.020669,
                0.956773,
                0.2901
            ]
        ],
        "xyz": [
            216.873734,
            4100.886719,
            1303.442993
        ]
    },
    "rm_camera_3": {
        "affine_intrinsics_matrix": [
            [
                1108.879306645334,
                0.0,
                641.5156896518365
            ],
            [
                0.0,
                1108.4340807557842,
                343.695727133791
            ],
            [
                0.0,
                0.0,
                1.0
            ]
        ],
        "distortion": [
            0.000463,
            0.000374,
            0.0,
            -0.000579,
            0.00017
        ],
        "extrinsic_matrix": [
            [
                -0.575251,
                0.811633,
                -0.101682
            ],
            [
                -0.135074,
                0.028347,
                0.99043
            ],
            [
                0.806748,
                0.58348,
                0.093324
            ]
        ],
        "xyz": [
            3098.052246,
            2846.743164,
            1351.820435
        ]
    },
    "rm_camera_4": {
        "affine_intrinsics_matrix": [
            [
                1110.5970534275589,
                0.0,
                635.459592108904
            ],
            [
                0.0,
                1110.353972966696,
                331.58145354336443
            ],
            [
                0.0,
                0.0,
                1.0
            ]
        ],
        "distortion": [
            0.000935,
            -0.00131,
            0.0,
            0.000311,
            0.000756
        ],
        "extrinsic_matrix": [
            [
                0.83251,
                0.553988,
                -0.004957
            ],
            [
                -0.030862,
                0.055307,
                0.997992
            ],
            [
                0.55315,
                -0.830685,
                0.063141
            ]
        ],
        "xyz": [
            2948.215088,
            -4321.432129,
            1370.176514
        ]
    },
    "tnf_camera_1": {
        "affine_intrinsics_matrix": [
            [
                1681.1065274882446,
                0.0,
                964.1728349484941
            ],
            [
                0.0,
                1680.6568490204652,
                522.7243195979952
            ],
            [
                0.0,
                0.0,
                1.0
            ]
        ],
        "distortion": [
            -0.046542,
            0.129375,
            0.0,
            0.000312,
            0.000596
        ],
        "extrinsic_matrix": [
            [
                -0.123829,
                -0.992151,
                0.017424
            ],
            [
                0.090976,
                0.006134,
                0.995834
            ],
            [
                -0.988124,
                0.124898,
                0.089503
            ]
        ],
        "xyz": [
            -6253.803223,
            751.714722,
            1495.127075
        ]
    },
    "tnf_camera_2": {
        "affine_intrinsics_matrix": [
            [
                1674.7428484730672,
                0.0,
                920.555865551681
            ],
            [
                0.0,
                1673.9772290718215,
                509.0099935283854
            ],
            [
                0.0,
                0.0,
                1.0
            ]
        ],
        "distortion": [
            -0.046697,
            0.133037,
            0.0,
            0.000701,
            -0.000251
        ],
        "extrinsic_matrix": [
            [
                -0.18244,
                0.982626,
                -0.034081
            ],
            [
                -0.155917,
                0.005311,
                0.987756
            ],
            [
                0.970776,
                0.18552,
                0.152239
            ]
        ],
        "xyz": [
            5120.966797,
            873.563477,
            1575.558105
        ]
    },
    "tnf_camera_3": {
        "affine_intrinsics_matrix": [
            [
                1673.2422754294876,
                0.0,
                964.2049839884927
            ],
            [
                0.0,
                1672.6359144544099,
                507.1582463717023
            ],
            [
                0.0,
                0.0,
                1.0
            ]
        ],
        "distortion": [
            -0.044757,
            0.127975,
            0.0,
            -3.2e-05,
            -0.000395
        ],
        "extrinsic_matrix": [
            [
                0.281174,
                -0.959618,
                -0.008632
            ],
            [
                0.177108,
                0.043049,
                0.983249
            ],
            [
                -0.943172,
                -0.277993,
                0.18206
            ]
        ],
        "xyz": [
            -5657.099609,
            -1675.878418,
            1660.764282
        ]
    },
    "tnf_camera_4": {
        "affine_intrinsics_matrix": [
            [
                1685.606416495268,
                0.0,
                945.9276164204218
            ],
            [
                0.0,
                1685.108384166449,
                524.3035169321137
            ],
            [
                0.0,
                0.0,
                1.0
            ]
        ],
        "distortion": [
            -0.047678,
            0.138365,
            0.0,
            0.000656,
            0.000104
        ],
        "extrinsic_matrix": [
            [
                -0.399669,
                -0.916263,
                0.02697
            ],
            [
                0.152352,
                -0.037385,
                0.987619
            ],
            [
                -0.90391,
                0.39883,
                0.154536
            ]
        ],
        "xyz": [
            -4234.45166,
            2336.836914,
            1676.81311
        ]
    },
    "tnf_camera_5": {
        "affine_intrinsics_matrix": [
            [
                1678.230317344884,
                0.0,
                957.4035412171975
            ],
            [
                0.0,
                1677.3464923579297,
                496.3321738883113
            ],
            [
                0.0,
                0.0,
                1.0
            ]
        ],
        "distortion": [
            -0.045633,
            0.131926,
            0.0,
            -1.3e-05,
            3.8e-05
        ],
        "extrinsic_matrix": [
            [
                0.495722,
                -0.862861,
                -0.098645
            ],
            [
                0.142071,
                -0.031485,
                0.989356
            ],
            [
                -0.856782,
                -0.50446,
                0.106979
            ]
        ],
        "xyz": [
            -4236.508789,
            -2673.849609,
            1378.064819
        ]
    },
    "tnf_camera_6": {
        "affine_intrinsics_matrix": [
            [
                1676.389464758193,
                0.0,
                963.3395221723079
            ],
            [
                0.0,
                1675.8184571763152,
                495.90693031224606
            ],
            [
                0.0,
                0.0,
                1.0
            ]
        ],
        "distortion": [
            -0.045657,
            0.129011,
            0.0,
            -0.000162,
            -0.000183
        ],
        "extrinsic_matrix": [
            [
                0.13687,
                0.9905,
                0.013272
            ],
            [
                -0.13702,
                0.005661,
                0.990552
            ],
            [
                0.981067,
                -0.137396,
                0.136493
            ]
        ],
        "xyz": [
            5519.976074,
            -974.973328,
            1640.208252
        ]
    },
    "tnf_camera_7": {
        "affine_intrinsics_matrix": [
            [
                1677.8912578634267,
                0.0,
                953.3312893171332
            ],
            [
                0.0,
                1677.2809999015383,
                503.57872427486325
            ],
            [
                0.0,
                0.0,
                1.0
            ]
        ],
        "distortion": [
            -0.048416,
            0.134156,
            0.0,
            0.000323,
            0.000239
        ],
        "extrinsic_matrix": [
            [
                0.540394,
                0.840629,
                -0.03629
            ],
            [
                -0.02667,
                0.060221,
                0.997829
            ],
            [
                0.840989,
                -0.538253,
                0.054963
            ]
        ],
        "xyz": [
            3648.848389,
            -2840.461914,
            1215.432617
        ]
    },
    "tnf_camera_8": {
        "affine_intrinsics_matrix": [
            [
                1682.1317584269893,
                0.0,
                919.0254006227672
            ],
            [
                0.0,
                1681.70448429372,
                520.9619385280121
            ],
            [
                0.0,
                0.0,
                1.0
            ]
        ],
        "distortion": [
            -0.04673,
            0.13052,
            0.0,
            1.6e-05,
            -0.000328
        ],
        "extrinsic_matrix": [
            [
                -0.391385,
                0.91987,
                -0.025632
            ],
            [
                -0.084113,
                -0.008023,
                0.996424
            ],
            [
                0.916375,
                0.392141,
                0.080513
            ]
        ],
        "xyz": [
            4618.318359,
            2254.781494,
            1203.81604
        ]
    }
}